0.807572 13
0.008434 32
1.769046 2
0.082199 30
0.014206 8
0.000017 63
2.679543 67
0.000573 67
1.241401 67
0.000130 67
16.142217 82
0.838125 133
0.006706 408
0.000147 133
0.011350 71
5.311216 1
0.247604 1
0.751547 1
0.717650 1
0.065762 3
14.904831 48
1.683667 138
0.000017 9
0.013807 71
6.288456 82
1.019441 133
0.002152 137
0.000130 25
0.000159 133
0.012040 71
66.878234 1
0.161763 1
0.145485 1
0.578758 1
0.146478 1
2.031630 1
0.433619 8
0.865599 11
0.009619 82
9.603260 1
0.249437 1
0.907259 1
0.196167 3
9.939356 21
0.789689 25
6.671334 49
0.941751 168
0.011378 82
2.673489 1
0.085857 1
0.151274 2
0.000012 9
0.002745 400
0.010658 82
30.932109 82
0.834656 144
0.003295 39
0.010376 82
29.806466 28
3.550746 49
0.004155 123
0.000025 60
0.008889 82
99.608966 1
0.081332 1
0.775208 1
28.385369 1
0.097888 1
2.850880 1
0.241889 1
0.542501 1
0.146659 1
0.714924 3
2.302233 1
0.429053 5
1.598358 11
0.015577 75
0.001136 63
0.000085 58
0.000701 97
0.000013 368
0.000113 17
2.666738 6
0.000071 7
0.000020 21
0.000333 18
0.216597 6
0.000044 12
0.000015 1
0.200950 6
0.000052 12
0.000012 1
0.364460 6
0.000040 12
0.000016 1
0.442789 6
0.000043 12
0.000029 1
1.961365 6
0.000041 12
0.000012 1
1.110996 6
0.000113 17
2.232528 6
0.000044 12
0.000011 1
0.187591 6
0.000037 12
0.000027 1
0.186715 6
0.000037 12
0.000015 1
0.241357 6
0.000040 12
0.000029 1
0.211531 6
0.000055 13
0.221752 6
0.000036 12
0.000016 1
0.468602 6
0.000048 12
0.000014 1
0.076161 6
0.000037 12
0.000027 1
1.011867 6
0.000080 12
0.000014 3
2.575585 6
0.000102 17
0.969583 6
0.000041 13
0.583825 6
0.000041 16
0.241766 6
0.000066 20
0.000015 5
0.167429 6
0.000020 13
0.218025 6
0.000049 12
0.000014 1
0.237069 6
0.000043 12
0.000014 1
0.211153 6
0.000070 13
0.177345 6
0.000019 13
0.630298 6
0.000048 13
0.950517 6
0.000042 12
0.000014 3
0.236521 6
0.000044 12
0.000011 1
5.551641 6
0.000135 171
0.000017 55
2.264916 6
0.000171 46
0.000042 277
0.000055 83
1.534273 6
0.000303 46
0.008834 147
0.011796 82
3.027337 17
0.522652 1
0.168294 1
0.139714 1
2.580668 1
0.169713 1
0.151917 1
0.302773 1
0.929787 3
1.471659 5
0.126769 5
0.122452 5
0.125757 5
0.347598 5
0.317869 5
0.733455 5
2.952317 5
0.523838 8
1.102217 3
0.153329 3
0.126683 3
0.130557 3
0.403391 3
1.034107 2
0.000081 9
0.004914 62
0.000040 13
0.000604 63
0.000045 58
0.000772 97
0.000101 112
0.000013 112
0.000031 144
0.000052 17
3.468239 6
0.000016 28
0.000305 12
0.000041 6
0.211769 19
0.237387 6
0.000019 13
0.221850 6
0.000062 13
0.211946 6
0.000084 13
1.248075 19
0.236159 6
0.000078 17
0.729710 6
0.000042 13
0.197905 6
0.000011 12
0.000008 1
0.207058 19
0.207039 6
0.000035 13
0.212046 6
0.000029 13
0.438940 18
0.000017 1
0.202430 6
0.000073 17
0.803881 6
0.000019 13
0.206720 6
0.000017 13
0.202017 6
0.000033 12
0.000038 1
0.187046 18
0.000028 1
0.201036 6
0.000033 12
0.000019 1
1.070661 6
0.000065 21
0.000015 7
1.747002 6
0.000054 118
0.000006 22
0.000019 31
0.000031 55
1.036515 6
0.000091 212
0.000021 111
0.000029 82
0.728782 6
0.000229 45
0.004560 28
0.000042 58
0.000163 9
0.000052 52
0.010466 82
32.783716 27
0.841661 47
0.009476 82
38.272671 81
2.328740 143
0.014793 82
80.599056 78
0.001296 78
657.585140 78
0.000653 78
26.589671 2
0.251757 2
0.342648 2
0.268572 1
0.710011 4
0.151329 4
0.085414 4
0.120808 1
0.958408 1
0.267783 1
0.443008 1
0.197147 3
6.045642 66
1.060297 178
0.000030 9
0.016680 82
6.002587 48
0.961115 170
0.130323 50
0.022463 82
16.726084 82
0.938366 144
0.003246 39
0.010270 82
13.744124 82
1.065572 144
0.002720 39
0.009312 82
90.127279 28
1.287145 49
0.003174 183
0.000025 123
0.000032 60
0.009741 82
125.148438 1
0.101486 1
0.302793 1
0.422859 1
0.307886 1
0.456677 11
0.006547 11
0.011395 82
20.645823 1
0.101855 1
0.999800 1
0.357288 1
0.327352 1
0.076151 1
0.654553 4
0.150420 4
0.724338 2
9.280795 62
1.107701 142
0.014030 82
46.855177 85
2.007449 147
0.002631 39
0.010166 82
160.467462 2
0.181623 2
0.151682 1
0.488158 4
0.140972 4
0.126741 4
1.141816 1
101.123528 2
0.141086 2
0.156962 2
0.291785 2
0.049972 1
0.417807 4
0.128078 4
0.231852 4
0.120638 4
0.116560 4
1.072570 1
0.166302 1
0.205199 1
0.307939 1
0.071863 1
1.137335 1
0.145904 1
0.250393 1
0.192198 1
2.851717 1
0.275995 1
0.126362 1
2.122368 1
1.100102 1
0.270104 1
0.258233 1
0.146650 1
0.578887 4
0.131295 4
0.122050 4
0.111310 4
0.745556 1
0.215963 1
0.464897 1
0.131143 1
1.765373 1
0.437407 11
0.009933 32
2.251337 2
0.145737 82
9.296457 1
0.391242 1
0.065394 1
0.824731 1
0.192182 1
0.307410 1
0.110167 1
0.599543 1
0.628847 11
0.007720 14
1.865702 2
2.945645 61
0.009186 82
2.588994 8
0.680678 11
0.006706 14
3.454854 2
2.708732 61
0.011859 82
0.785016 8
0.711294 2
0.000016 9
0.007116 14
2.928901 2
3.141499 61
0.011417 82
23.589799 28
2.042516 41
0.124315 4
0.122050 4
0.116388 4
0.126078 4
0.136969 4
0.423743 4
0.808747 1
0.186386 1
0.326714 1
0.101688 1
0.521984 1
0.600258 11
0.024063 25
0.017710 2
0.000511 120
7.716598 89
4.043367 2
0.007316 55
3.078704 2
0.049385 54
0.015201 82
2.042465 17
0.744163 25
0.771836 11
0.006756 14
2.894131 2
0.086245 29
0.000131 83
2.782231 2
0.000489 29
0.000180 83
98.633119 1
0.179878 1
0.079055 1
3.294205 20
1.515952 1
6.893708 6
2.621219 1
1.236601 1
0.090348 1
0.187872 1
4.357812 1
41.073649 1
0.683064 3
0.277398 1
0.925078 1
0.258043 1
0.547695 1
0.220815 1
2.478629 1
0.749082 3
0.307070 1
0.492921 1
0.322717 1
0.458440 1
0.472319 1
0.687945 1
1.582770 1
0.980368 1
4.899371 1
1.604402 2
0.002923 126
0.000790 29
0.000135 83
6.368668 4
0.613508 4
0.681816 3
0.499811 3
0.033160 6
0.032448 3
0.025933 3
0.028829 6
0.917292 1
0.126478 1
0.181536 1
0.960406 1
0.077594 1
4.226755 1
0.144105 1
15.980088 7
0.987963 3
0.499937 3
0.032339 3
0.128309 3
0.145628 3
0.115317 6
9.168248 1
2.029209 46
0.005390 34
9.814519 2
0.076940 128
0.001225 29
0.000160 83
35.326327 1
0.101634 1
0.392417 1
0.595895 1
0.349587 1
0.282613 2
0.002566 482
0.000022 394
0.000015 176
0.000013 119
0.000014 173
0.000015 120
0.000014 240
0.000420 30
0.000478 29
0.000186 83
2210.412035 2
0.799261 3
0.818232 1
0.663528 1
0.298017 1
0.387750 1
0.503851 2
0.013946 82
2.332116 1
0.331912 1
0.247823 1
0.261756 1
0.503649 1
0.398603 11
0.002832 11
0.008300 82
9.062578 1
0.449412 1
0.246990 1
0.472233 3
6.687985 62
1.122044 142
0.009782 82
2.276143 1
0.116270 1
0.090975 1
0.291146 1
138.664392 4
0.135577 4
0.116510 4
0.107233 4
1.612620 85
1.373498 147
0.012256 82
0.024316 11
0.006311 82
12.448990 22
1.284936 37
0.009707 82
5.227583 34
1.127952 61
0.011404 82
8.206987 34
0.960590 61
0.001571 52
0.008046 82
170.263815 40
1.821547 64
0.000012 9
0.004112 14
0.000131 13
0.000096 12
0.006478 82
73.442197 23
0.797652 39
0.010094 82
12.477268 39
1.335729 71
0.001941 74
0.000045 58
0.009446 82
52.357575 1
1.471860 1
0.508656 1
9.999596 1
0.096536 1
0.161476 1
0.367893 5
3.689122 11
0.008149 90
2.281032 10
0.359489 38
0.842424 11
0.001762 132
0.008732 8
0.000130 82
12.446949 20
1.018770 33
0.000427 76
0.007331 90
12.925753 1
0.229920 1
0.508857 2
0.000011 9
0.008206 71
9.577033 1
0.176089 1
0.131064 1
1.105667 1
0.177472 1
0.376238 9
0.710822 11
0.006107 82
2.300657 1
0.157060 1
0.171794 1
0.523414 1
0.397894 1
0.302566 1
0.548304 5
1.891329 1
0.316815 11
0.007565 91
4.956485 26
1.465479 36
0.000018 9
0.001347 44
0.009165 91
7.332931 24
0.521784 41
0.002708 73
0.000108 58
0.000084 44
0.007142 91
45.406499 87
0.000509 87
2.740470 87
0.000868 87
9.324242 11
0.000042 8
0.000027 9
0.000035 2
0.007446 91
334.519684 2
0.202733 2
0.461622 1
0.331212 4
0.151476 4
0.214439 4
0.721084 1
0.231646 1
0.177185 1
1.096171 1
0.106426 1
0.728067 11
0.006987 82
3.016987 5
0.265782 20
0.779654 32
0.416374 32
0.408745 19
0.432006 23
0.607067 11
0.008728 8
0.000011 83
1.246980 1
0.185918 1
0.532698 2
0.000008 9
0.007183 71
1640.796322 2
0.261232 2
0.669544 2
0.472709 4
0.181741 4
0.127338 4
1.308706 1
0.418286 1
0.584875 1
0.428308 4
0.493207 1
0.614292 1
0.980813 1
0.099120 2
1.219256 1
0.110189 1
0.920634 1
0.222804 4
0.755174 2
0.000053 9
0.002132 75
0.001160 84
0.000555 610
0.000971 514
0.000007 2
0.000026 183
0.000031 311
0.010628 71
7.423021 1
0.169963 1
0.830770 1
0.232748 1
0.327212 1
1.573655 2
0.000009 9
0.001663 11
0.009417 71
10.824314 29
0.350522 41
0.500509 1
0.086341 1
0.133383 1
0.110575 1
0.130247 1
0.112052 1
0.127004 1
0.126378 1
0.126088 1
0.138281 1
0.756260 27
0.152992 27
0.135719 27
0.105977 27
0.683696 23
0.289861 3
0.500393 3
0.030775 3
0.029242 3
0.030140 3
0.029797 3
0.030156 3
0.029936 3
0.029907 3
0.029602 3
0.030316 3
0.030115 1
0.030217 1
0.029538 1
0.494828 2
0.000026 9
0.002883 73
0.000034 58
0.010513 71
13.094839 17
0.814424 1
0.500385 1
0.029930 1
0.030202 1
0.031517 1
0.027746 1
0.030397 1
0.030093 1
0.030071 1
0.030780 1
0.118157 1
0.334811 1
0.425302 27
0.375605 25
0.372682 25
0.095821 27
0.416531 3
0.500578 3
0.028983 3
0.032921 3
0.028144 3
0.029699 3
0.031231 3
0.029049 3
0.029418 3
0.030389 3
0.029556 3
0.030491 3
0.029888 1
0.556340 2
0.000110 9
0.012426 71
34.229434 1
0.161838 1
0.512944 1
0.201584 1
0.291412 1
0.326979 2
0.000016 9
0.002024 11
0.008930 71
0.773835 1
0.171647 1
0.135373 1
0.889510 1
1.152675 1
0.924923 1
0.272830 8
0.959978 2
0.000020 9
0.010919 82
4.534810 14
0.217087 20
0.421790 26
0.915556 30
1.164717 11
0.013840 82
27.849590 36
1.253718 65
0.013607 82
11.441890 36
0.839481 65
0.012331 82
5.981381 37
0.934598 67
0.012134 82
5.836651 36
0.601439 65
0.014412 82
63.710057 36
0.414060 55
0.499814 1
0.031004 1
0.032393 1
0.027236 1
0.030165 1
0.029971 1
0.030087 1
0.030517 1
0.028735 1
0.031032 1
0.028518 1
0.030740 1
0.030222 1
0.029382 1
0.031071 1
0.029511 1
0.315465 1
0.170307 1
0.586527 43
0.095768 43
1.220626 41
0.641562 3
0.499607 3
0.032478 3
0.029086 3
0.029334 3
0.029532 3
0.030168 3
0.030704 3
0.029765 3
0.029564 3
0.029539 3
0.031326 3
0.028966 3
0.030079 3
0.030189 3
0.030019 3
0.030353 3
0.030064 3
0.030074 3
0.029188 1
0.692260 11
0.013049 82
7.098233 43
1.104436 70
0.000011 9
0.012614 82
5.677901 43
0.890836 70
0.000040 9
0.013501 82
5.049735 46
0.684280 373
0.000020 9
0.012064 82
194.549611 1
0.041033 1
0.152016 1
0.235428 1
16.067173 1
3.216612 1
0.779999 1
0.196480 1
0.201298 1
11.092327 45
1.418399 1
0.000049 132
66.419867 1
1.532694 21
1.450579 21
0.000030 9
0.003089 107
0.012035 82
481.283914 40
1.294386 63
0.657459 11
0.016688 82
5.971125 24
1.636614 32
0.000037 9
0.013800 82
3432.910675 2
0.251737 2
0.814525 4
0.136519 4
0.117234 1
1.156316 1
0.086396 1
0.281283 2
0.001248 9
0.005100 742
0.028427 82
8.968897 1
0.638862 1
0.075292 1
0.272221 1
0.472410 1
0.468626 11
0.002923 11
0.011926 82
8.092917 27
1.357616 47
0.016412 82
6.545264 19
0.729041 31
0.014407 82
5.287424 76
0.799784 138
0.008002 126
0.014283 82
3.871971 1
0.156558 1
0.748999 1
0.965341 1
0.102029 3
7.118986 19
0.000023 11
0.013186 82
1.018691 1
0.201332 1
3.787222 49
0.914480 201
1.282931 1
0.181457 1
0.262149 1
0.292388 3
4.534008 58
1.813153 128
0.177514 1
0.500313 216
0.030378 1
0.029683 1
0.030482 1
0.029364 1
0.030224 1
0.030555 1
0.028501 1
0.031206 1
0.029695 1
0.030172 1
0.030512 1
0.029454 1
0.029805 1
0.030357 1
0.030551 1
0.029276 1
0.030916 1
0.028979 1
0.032050 1
0.028196 1
0.030446 1
0.029626 1
0.029915 1
0.031670 1
0.027733 1
0.030011 1
0.029918 1
0.030446 1
1.004035 131
0.500080 3
0.500449 3
0.030028 3
0.029824 3
0.030685 3
0.029174 3
0.031565 3
0.029505 3
0.030650 3
0.028278 3
0.030424 3
0.029625 3
0.029746 3
0.031495 3
0.028947 3
0.030126 3
0.029905 3
0.029933 3
0.030730 3
0.030195 3
0.029746 3
0.028467 3
0.031010 3
0.029709 3
0.030303 3
0.030002 3
0.030625 3
0.028744 3
0.031002 3
0.029535 3
0.030718 3
0.029141 1
0.029572 1
0.029682 1
0.030514 1
0.030486 1
0.500837 11
0.015286 82
0.882444 38
0.251772 127
0.728207 11
0.015494 82
27.829316 39
1.145208 71
0.008212 31
0.001195 27
0.000016 13
0.041391 89
0.010742 82
38.972203 1
0.161491 1
0.114957 1
9.548282 1
0.464204 1
0.502764 11
1.492482 11
0.011811 95
6.494974 1
0.106107 1
0.598307 11
0.002422 36
0.012917 95
2.035638 1
0.141200 1
0.124196 1
1.126693 1
0.130328 1
1.441108 1
0.157105 1
0.326962 1
0.146717 1
0.761212 7
3.319079 11
0.012889 62
0.000019 13
0.000930 29
0.000181 34
0.000099 58
0.000618 97
0.000089 6
0.000023 185
0.000026 177
0.000059 17
2.503420 6
0.000045 7
0.000021 21
0.000404 18
0.030559 6
0.000052 13
0.037647 6
0.000064 12
0.000017 1
0.066016 6
0.000023 13
0.273483 6
0.000046 13
0.637100 6
0.000132 17
0.151