0.809664 13
0.004369 32
8.958617 2
0.052432 30
0.010997 71
15.205252 1
1.629700 1
0.895041 1
0.171069 1
0.183483 1
0.100782 1
2.292019 1
0.135567 1
0.714748 1
0.377921 1
0.593405 1
1.403026 4
1.025731 1
0.508526 4
0.508013 1
1.176753 1
0.176382 1
0.273240 1
0.497006 1
0.121930 1
0.201798 1
0.551894 4
21.731422 1
0.165860 1
0.131880 1
1.145103 4
0.165739 4
0.497713 4
0.170460 1
2.035228 4
0.287960 11
0.014222 71
1.728855 1
0.181431 1
0.172267 1
1.664193 1
0.081077 1
0.854252 1
0.548104 8
3.317153 11
0.012432 82
35.164568 1
0.049729 1
1.498415 1
0.136215 1
0.915813 1
0.242413 1
0.345763 1
1.262169 1
0.433398 1
0.226106 1
4.890356 1
0.309802 1
4.763277 1
0.156185 1
0.297816 1
4.176575 1
0.324157 1
0.856050 1
0.814798 1
0.197038 1
0.141785 1
1.181556 11
0.014671 82
16.757678 33
1.081951 50
0.000097 9
0.018587 82
10.641891 33
1.551565 59
0.002537 69
0.000075 58
0.010538 82
59.099404 24
0.379638 1
0.500679 1
0.029270 1
0.029629 1
0.030650 1
0.029876 1
0.030699 1
0.029554 1
0.097756 1
0.126841 1
0.121530 1
0.143654 1
0.694994 5
0.490238 3
0.500504 3
0.029810 3
0.029680 3
0.031267 3
0.029652 3
0.029818 3
0.030359 3
0.029509 3
0.030172 3
0.029810 3
0.203025 3
0.513556 2
0.000008 9
0.007156 82
3.747161 1
0.106962 1
0.583511 11
0.002274 36
0.008000 82
9.600494 11
0.011097 82
0.115438 11
0.009395 82
12.695346 1
0.179586 1
0.197844 1
0.114477 1
2.916204 1
0.302311 1
0.552956 1
0.281259 1
0.241816 1
1.962671 1
0.276024 1
1.227933 1
0.136154 1
0.251919 1
0.115637 1
1.899589 1
0.180958 1
0.396939 1
0.422806 1
0.503408 1
0.523417 1
0.137440 1
0.135815 1
1.477072 4
0.790376 1
0.859435 1
0.141545 1
0.126506 1
1.145397 1
0.869191 1
0.250823 1
0.463534 1
0.121827 1
0.132487 1
0.196398 1
1.308375 1
0.838756 3
0.121385 1
0.116466 1
4.095197 11
0.002672 21
0.000289 37
0.001525 17
0.011695 82
17.548098 1
0.085830 1
1.723489 11
0.002319 64
0.011193 82
292.181797 2
0.094717 2
0.130578 1
0.574137 4
0.141449 4
0.125606 4
0.106339 1
0.113326 1
0.945201 1
0.096320 1
0.145959 1
1.016705 1
0.277336 1
0.439733 9
0.968728 2
0.000024 9
0.002373 28
0.009504 82
21.529677 1
0.652886 1
0.293628 1
0.095321 1
2.227441 1
0.293064 1
0.533904 1
0.261795 1
0.584138 1
1.225822 4
0.153251 7
4.165018 1
0.226370 1
0.348984 1
0.196921 1
0.176898 1
0.518846 1
0.809469 1
0.146596 1
0.127055 1
5.276847 11
0.003862 19
0.000463 17
0.011050 82
3.493528 1
0.126352 1
0.256924 1
1.517740 1
0.306235 1
0.457945 1
0.151680 1
1.924923 1
0.749288 1
0.294980 10
0.944143 11
0.004193 332
0.011696 82
9.958805 11
0.009268 82
0.103205 11
0.010908 82
16.119722 1
0.810712 1
0.392168 1
0.414206 1
0.262396 1
0.109999 1
1.236948 1
0.121730 1
0.715668 1
3.421278 1
0.282532 1
1.764395 11
0.013553 82
9.429370 68
2.248542 130
0.015118 82
4.236709 1
0.085948 1
0.156791 1
0.867860 1
0.379214 4
0.859242 11
0.002162 36
0.011785 82
17.744761 11
0.009790 82
0.120020 11
0.010560 82
8.070895 34
1.473976 61
0.002245 70
0.000767 62
0.000091 61
0.001833 90
0.011311 82
11.106379 31
0.918232 55
0.002159 55
0.000425 41
0.000144 42
0.001810 17
0.009706 82
17.316722 34
1.489838 61
0.002214 55
0.000423 41
0.000159 42
0.001668 17
0.011038 82
16.463956 28
0.901854 49
0.001774 137
0.000009 42
0.000017 119
0.010468 82
16.780658 28
1.080680 49
0.002791 94
0.000016 131
0.000032 125
0.011261 82
15.121160 11
0.010021 82
1.904495 28
0.840343 49
0.002559 101
0.000055 42
0.000103 42
0.000357 59
0.009168 82
47.768220 11
0.011182 8
0.000009 74
2.202166 64
0.947912 126
0.170571 82
12.034432 34
0.718374 61
0.001774 20
0.876552 16
0.008905 82
46.558861 46
2.323595 151
0.000024 231
0.002182 20
0.908278 16
0.008883 82
11.727933 22
0.920539 37
0.012011 82
5.956828 36
0.943919 65
0.002673 22
0.000076 37
0.208342 2
0.009430 82
18.008428 22
0.626400 37
0.012615 82
4.567301 13
1.260789 40
0.553444 1
0.499980 1
0.030651 1
0.030143 1
0.030422 1
0.028306 1
0.030415 1
0.029685 1
0.031008 1
0.053125 1
0.006848 1
0.029162 1
0.029566 1
0.030703 1
0.029714 1
0.621229 5
0.700408 5
0.228002 3
0.500237 3
0.031986 3
0.027548 3
0.029788 3
0.030836 3
0.029711 3
0.030456 3
0.031487 3
0.027402 3
0.030489 3
0.029951 3
0.031074 3
0.028269 3
0.031164 3
0.02