0.822155 13
0.004999 32
1.939222 2
0.082208 30
0.010622 71
8.651405 67
0.000281 67
32.155157 1
0.180879 1
0.578588 1
0.589109 1
0.100443 1
0.333251 9
3.120496 11
0.011387 82
6.660081 25
0.763590 34
0.000016 9
0.005035 46
0.010495 82
4.392653 1
0.109034 1
0.625484 1
0.959280 1
0.110931 3
2.438107 1
0.095114 1
0.775373 1
4.371767 1
0.983877 1
1.129892 1
0.141939 1
1.323877 1
0.612166 1
2.834495 4
0.190824 4
1.543574 1
0.955187 1
0.185733 1
0.147139 1
0.724137 11
0.013920 8
0.000011 74
15.250596 25
1.096295 43
0.012199 82
8.989730 1
0.100555 1
0.739858 11
0.002404 242
0.011328 82
60.791235 41
0.942849 75
0.001923 44
0.008482 82
2.342662 32
0.165139 37
0.413972 18
0.451984 61
1.251314 1
0.145952 1
0.127612 1
0.151535 1
0.761576 13
0.147211 13
0.075240 13
0.135989 13
0.125293 13
0.412132 13
0.394037 13
1.435397 9
0.207721 9
0.224664 9
0.192975 9
0.181181 9
1.298787 3
0.622519 3
0.196993 3
0.165557 3
0.527396 2
0.000081 9
0.012441 82
0.609122 15
0.362289 47
1.797194 11
0.013404 82
20.396423 1
0.485082 1
0.504140 1
1.346908 4
3.429830 4
0.500806 4
0.030044 4
0.028925 4
0.030947 4
0.030495 4
0.028469 4
0.030372 1
0.030294 1
0.029490 1
0.030282 1
0.030271 1
0.029596 1
0.029714 1
0.031074 1
0.029612 1
0.029756 1
0.029811 1
0.030804 1
7.398342 33
2.641412 59
0.021637 82
26.748271 24
0.400464 1
0.500065 1
0.029449 1
0.030813 1
0.030592 1
0.029726 1
0.029869 1
0.030581 1
0.029271 1
0.030001 1
0.097184 1
0.137455 1
0.126157 1
0.130824 1
0.517227 29
0.904200 33
1.179542 29
1.102039 29
0.307458 29
0.394575 3
0.510888 3
0.019149 3
0.029861 3
0.029579 3
0.030219 3
0.030280 3
0.030007 3
0.030204 3
0.030150 3
0.030125 3
0.029238 3
0.214828 3
0.176601 3
0.466021 2
0.000045 9
0.003134 21
0.010506 82
22.261490 27
0.146601 35
0.200949 54
0.449101 52
1.050099 1
0.180020 1
0.166197 1
0.163083 1
0.683963 13
0.131572 13
0.111153 13
0.131708 13
0.429020 13
1.402090 9
0.242122 9
0.309440 9
0.172831 9
0.257611 9
0.187369 9
0.829486 2
0.000061 9
0.012502 82
8.781518 27
1.141590 47
0.012246 82
21.327500 1
0.222105 1
0.170682 1
0.197053 1
3.295195 1
0.870867 1
0.145270 1
0.525761 12
1.094875 11
0.015164 82
36.279182 32
0.817909 57
0.012577 82
1.344576 11
0.010441 82
0.110086 11
0.010919 82
321.091669 24
1.227513 41
0.012672 82
6.739908 27
0.944227 38
0.000050 9
0.012609 82
5.917437 21
0.894958 35
0.010605 92
15.542754 30
1.566609 44
0.000013 9
0.013442 92
0.026080 11
0.008157 92
91.546611 32
0.787132 47
0.202126 1
0.119683 1
0.500254 1
0.030327 1
0.031298 1
0.029405 1
0.028726 1
0.030846 1
0.030071 1
0.029329 1
0.030317 1
0.029740 1
0.148376 1
0.171616 1
0.170697 1
0.936356 5
0.452833 5
0.394197 3
0.501320 3
0.028706 3
0.030712 3
0.029972 3
0.029932 3
0.029544 3
0.030618 3
0.029807 3
0.029346 3
0.030712 3
0.029934 3
0.029391 3
0.030305 3
0.030575 3
0.029360 3
0.029344 1
0.030491 1
0.704499 11
0.001310 49
0.010801 92
42.829902 32
0.893629 57
0.013064 92
16.710259 23
0.509436 1
0.500266 1
0.033800 1
0.026086 1
0.029853 1
0.030547 1
0.029895 1
0.029746 1
0.029599 1
0.150135 1
0.152503 1
0.124442 1
0.126918 1
0.307359 1
1.852946 33
0.281831 29
1.076728 3
0.500617 3
0.030203 3
0.029854 3
0.030599 3
0.029415 3
0.029754 3
0.030535 3
0.028734 3
0.030853 3
0.029305 3
0.029847 3
0.030170 3
0.029278 3
0.030816 1
0.030399 1
0.029430 1
0.029487 1
0.030523 1
0.029506 1
2.110378 2
0.000021 9
0.014034 92
29.479196 1
0.342439 1
0.478566 5
1.468163 1
0.116346 1
1.352028 1
0.427674 1
0.150779 1
0.332176 1
0.617139 11
0.001969 1083
0.010139 92
44.198115 1
0.191759 1
0.488403 11
0.010486 71
31.276441 1
0.156792 1
2.201406 4
0.150641 4
4.295166 1
0.846067 1
0.131402 1
1.714091 1
0.523185 10
0.727219 11
0.010729 82
2.577164 1
0.115742 1
0.161896 11
0.002302 349
0.011156 82
9.241059 1
0.142177 1
0.427655 1
10.685090 1
1.686656 1
0.350390 8
0.727903 11
0.002262 67
0.010765 82
68.450770 78
0.000504 78
1.231746 78
0.001451 78
176.613605 1
0.111481 1
0.377117 1
1.060071 1
0.122503 2
1.432884 1
0.116312 1
0.549836 1
0.361292 1
0.286658 1
0.222838 1
0.321986 11
0.001570 624
0.000091 168
0.000016 482
0.010518 82
366.478421 11
0.000036 8
0.000014 9
0.000064 2
0.010656 82
1230.180926 2
0.859606 4
0.729061 1
0.932520 1
0.207083 1
0.315519 1
0.284729 11
0.000074 6
